36 8 29 12
4 37 81 113 114 198 4
30 61 7
30 30 4 38 82 62
199 115 9 8 4 8 200 201 202
203 204 205 206 31 116 117
207 208 209 118 38 210 9 17 83 7 211 15
8 4 212 213 84 18 7 16 11 7 63 85 15
8 214 215 7 63 119 15
216 217
63 218 8 64 7
23 13 32 4 219 19 16 11 17 39 11 120 18 4 65
4 121 122
4 25 25 8 220 221 123 66 222 223 7 16 11 6 15
4 86 224 6 20 87 7
6 225 67 226 227 228
124 88 48 124 88 48 229 230 10 231 232 8 40 89 14 233 7 234 235 10
30 30
236 237 15

8 4 20 238 49 239 240 7 68 241
6 50 4 24 50 31 83 50 125 4 126 242
243 244 4
26 6 33 6 26 26 10 4 19 69 12 127 128 6 41 41
245 246 247 129 248
249 14
14 90 130 131 48 132 70 90 21 133 133
36 4 24 91 51 11 134 86
68 135 8 250 51 11 7 42 251 252 253 136 137 21 21 14 6 68 135 7 138 254 139 14 255 140 141 32 256 9 92 93 142 52 257 10
4 42 10 4 143 38 9 50 10 71 94
258 259 17 8 31 260
72 84 95
37 121 122 261 262 53 9 43 44 21 144 65 6 14 144 65 32
4 14 263 264 32
9 19 82 62 145 11 145 11 53 8 20 265 96 20 266 97
14 21 6 15
6 8 39 45 267 21 6 73 268 20 269 41 41 41
98 67 10 270 271 272 273 146 274 147 146 275 147 276
277 148 99 7 278 279 280
4 37 92 54 7
28 281 282
4 23 13 283 284
285 100 7 149
9 19 81 113 4 286 6 54 74 96
85 101 287 7 288 289 290 150 291
4 8 101
6 102 22 4 18 22 6 13 22 103 104 22 4 18 22 6 13 22 292 22 293 22 22 22
151 294 295 21 75 10 296 297 136 137 24 61 298 10
299 300 7 6 301 105 152 10
302 303 304
40 8 14 76 28 9 305 64 68 7 55 153 306 8 154 155 155 7 156 307 52 37 84 18 106 53 9 43 44 6 72 100 8 45 15
17 39 37 308 7 64 11
4 9 8 157 6 71 8
20 309 74
6 9 18 4
45 310 89 14 14 6 311 90 77 140 7 11 24 8 6 7 40 6 19 312 40 27 313 40 18 40 43 44 10 149
95 107 8 6 63 119
16 11
26 6 33 15
5 5
5 5
5 5
5 5
314
6 158 52 32
315 56 6 159 316 317 318 319 6 24 320 160 34 160 34 321 55 10 57 57 57
6 20 87
6 91 322 323
4 20 87 324 325 10 6 91 28 13 326 62 9 62 4 93 28 327 6 328 161 329
5 5
11 34 162 58 24 330 6 331 332 11 34
26 6 33
5 5
51 45 73 10 163 333 334 16 11
5 5
5 5
56
6 29 12
5 5
5 5
5 5
5 5
5 5
5 5
5 5
5 5
5 5
20 9 10 17 335 336 337
5 5
338
339 340 341 342
164 164
343
16 11 13 29 12 165 344 31 108 14 345
88
4 76 7 8 41 346
5 5
9 19 46 347 9 27 4 166 17 115 166 9 19 348 10 4 46
167 167
156 349 350 138 76 351 139 38 23 13 34
168
352
353
5 5
5 5
4 38 21 54 169 12 354 4 170 54 10 171 171 47
49 49 4 42 10 172 173 4 47
5 5
4 158 52 9 8 355 356 28 66 357 27 358 7 174 6 13 29 12 21 359 6 19 93 28 43 44 7 174
175
36 29 12 13 360 153
361 362 363 364 176
177 78 104 77 9 178
365 366 367
5 5
142 7 27 27 176 368 86
369 370 371
74 74 34 7
5 5
5 5
372 179 373 179 374
23 17 375 376 6 127 58
4 23 13 33 4 13 180 180
51 11 73 4 78 181 377 4 73 51 11 9 75 151
378 182 379
61 7
380 381 382 383 78 384
16 181 13 385 165 386
387 6 17 183 38 9 27 134
4 8 9 8 105 114 388 7 161 75 72 8 105 389 50 7 390 391 58
30
6 28 25 71 392 89 15
14 36 184 109 393 75 7 394 395
4 8 185 101 97
79 79
79 79 7 186 82 85
8 17 39 126 396 397 398 399 400 13 184 109 401 7 20 402 64 150 110 35 70 80
16 11
58 187 4 46 187 175 10 24 56 6 130
49 49 4 42 10 172 173 4 47
102 102 6 7 55 47 6 43 44 128 403 7
404 141
26 26 6 33
4 8 405 406 20 407
9 163 18 7 6 8 4 25 408 22
16 11 4 42 10 188 188
11 34 409 185 95 107 61 410 411 7
16 11 4 18 6
98 67 8 4 111 157
412 103 413 48
4 162 58 24 9 414 415 6
416 417 418 8 39 116 117
13
23
23 23

6 71 45 99 25 7 19 419 420 8 9 8
421 189 182 186 97
120 12 422 148 47 29 12 53 9 92 54 169 7 125 129 94 17 83
423 424 4 154 77 9 190 6 7 425
4 8 31 189 426
4 123 427 428 429
36 8 430 431 7
111 111
17 432
8 32 8 32 31 108 66 433 10 31 108 66 18 16 11 10
434 6 25 159 191 24 106 39 435 192 15 6 25 24 56 6 106 12 183 191 15 6 25 8 107 25 47 436 6 33 15 437
438 193
439 440 441
4 76 42 10 442 9
443 190
45 99 26 26 65
4 21 6 10
5 5
57 57 28 170 444 7 445 446 447 72 23 56
6 59 4 59 6 59 4 59 9 59
6 19 4 69 12 448 152 46
98 67 4 118 193 103 52 37
4 8 449 450 94 29 12 53 81 9 451 4
177 78 104 77 9 178
5 5
16 452 6 453 194 12 143 454 4 7 194 192 19 60 10 60 10 60 10 60 15 60 455 456 457 458
459 6 7 460 96 36 12
195 195
5 5
9 4 8 100 55 7
461 18 6 462
5 5
69 12 10
5 5
5 5
110 35 196
196 463 464 112 112 110 465 48 466 35 467 80 70 132 80 70 197 197 35 112 35 131 80 35 168 35
5 5
9 43 44
468 109 14 21 6
30 8 7
4 23 33
69 12 10 55 469 9 27
27 46 27 46
