7 5
24 8 9
151 43 152 32 25 153 63 64 15 65 33
154 155
4 95 66 12 8
44 45 5 12
30 8 156
44 45 5 12
44 45 5 12
44 45 5 12
13 96 157 4 16 67 34 26 8
27 4 16 68 34 26 8
27 4 28 69
4 158 5 12
35 4 19 36 10
4 28 97 6 25 159
4 19 36 10
4 5 160 161 14
162 98 163
4
99 46 5 12 10 47 164
4 100 7 100
11 11 11
11 11
46 165 166 167 168
13 20
28 169 170 4 28 48 8
171 4 7 49 6 6 17 7 101 4 172
4 18 70 50 6 51 173 52
174 175 5 27 6 7 53 47 70 176 4 47 70 17 71
13 102
5 51
4 48 72
27 4 7 71
4 54 177 37 9
28 48 72
49 6 48 72
4 64 38 178 179 51
4 10 180 181 37 5 12
182 29 6
6 7 28 183
4 103 27 4 184 6
6 21 73 4 104 25 39 17 74 75 4 9
15 185 186
4 5 105 14 51
4 5 106
24 8 107 108
6 24 8 187 4 15 26
4 188 189 53 9
4 38 10 76 5 12
22 8 77 78
109 110 111 5 69 190
4 55 5
109 110 111
19 191 14
4 38 10 27 112 76 5 12
76 5 12
14 14
11 11 11
192 63 7 193 8
194 195 13 23
79 196

113 113
4 16 68 34 26 56
4 23
40 4 23
15 17 40 4 19 36
197 5 19 36
4 19 36 7 198 199 6 18 7 114 200 4 35
80 29 4
11 11
201 29 4 202 203 57 204 205 4 17 97 13 20 13 20 115 43 9
11 11
206 81 13 20 9 116 207 10
37 82 208 9 209 7 73 4 29 6 54 10 9
58
6
117 210 58
55 95 66 103 118 9 211 4 117 58
212
119 119

213



214 215
17 18 216 4
217
218
219
41
83
120
82 7 31 43 9
220 4 22 8 32 221 222 223 17 5 21 4 7 121
21 4 7 121
224
225
41
226
122

32 32 32
59 13 20 35 9 84
59 7 50 4
15 123 124 99 46 17 30 85 42 6 86 9
17 5 6 87 5 50 4 9
6 18 7 18 65 227 35 21 6 68 34 26
22 8 77 78
22 8
16 77 78
4 53 21 228 22 8
6 49 18 229 26
6 49 18 67 34 26
125 86 230 67 231 42 126 127 232 233 234
19 79 10
87 59 22 8 235 236 10 128 128
87 4
6 237 58 15 15
104 25 238 101 4 38 60 239 240 10 7 71
4 23
4 82 241 242 9
4 129 129
243 33 6 64 130 88 8
4 10 130 88 5 12
244
245 246
4 5 7 5 131
15 42 27 4 247
4 132 61 24 8 30 8 248
4 10 132 28 69
13 96 4 5 106 80 5 14
133 14 52 5 22 8
134 134 249 65 33
4 250 105 5 12
251 88 7 252 253
135 4
254 73 9 135 50 4
7 123 124
31
11 11 11 11
4 23 4 255 79 63 5 4 23
4 5 14 52
6 18 256 4 257 133
126 127 258 9 4
4 5 25 136 14
4 62 62 6
4 38 24 8 85 55 137 74 75
6 7 74 75 4 9
4 5 25 136 138 138 10 14
55 56 16
16
56
4 23
131 259 9 42 4
56 16 81 81 4
6 5 139 39 61
46 47 10 260 4 5 261 39 61 80 5 139 39 61
4 5 19 39 262 8
4 140 141 8
15 42 4 263 9 118 89
62 62
4 59 264 9
4 265 90 9
266 29 6 125 112 91 60
66 267
268 98 269
30 7 5 91 60
84 84
137 22 8
21 33 4 5 270 271 54 142 10
143 37
24 8 116 272 143 37
6 7 40 4 40 40
107 108 29 6 21
273 4 10 144 274
275 276 4 145 10 60 7 277 278 279 280
13 20
4 21 30 5 281 282 54 142 7 145 283 10
13 20
90 284 285 286 29 6 287
31 90
16 92 288 9 7 289 18 9
15 290 291
31 292 43 4 30 85 92 6
4 53 293 89 146 25 86 6 294
147 31 148 149
92 4 148 149 102 115 9 140 33 295 89 146 296
297 141 298 299 6 300 114 16 14 301 16 52
302 93 303 41 94 57 57 41 150
304 93 41 150 93 120
305 306 13 20 122 94 307 83 308
24 8 144
147
31 10 8
91 4 23
309
35 57 83 94
